2
10
0.7348063324058697 0.5687487973630657 0.2591488828011972
0.2555511481815035 0.36433399137848144 0.5883176768989592
0.8326346628368053 0.5679025981275198 0.10135422906371017
0.44594437797495345 0.6935780597664436 0.26928621477518433
0.6114861291629127 0.6151831132475089 0.01809125340121831
0.31102387506117857 0.39751820823807615 0.9965295361690173
0.44920876705119994 0.29170336155494947 0.5690117421466332
0.9949279665023945 0.9060144278979249 0.42531424026583686
0.630424136133276 0.19670638873594404 0.7225882103320664
0.35484629497802067 0.7375084792081497 0.9770437672801993
