3
1000
557.6567641131041 749.46193833673 9.602690672968288
192.6314136510131 718.7503612296559 2.7895215571228316
566.3123459695934 757.8725559503124 8.978925183825957
787.1041800811659 634.0145129657787 9.9227381259739
825.3774254629217 23.300960588480415 0.5366648687841236
760.0801796227847 753.8288613768608 9.70085234405472
882.6246000757341 712.3222666937688 3.085800418079044
604.1429757052371 248.51557380741062 0.5900125402721779
589.930315287848 648.6195493664268 2.6766102654793347
184.30192717079808 536.4666000124678 9.919229811518823
386.5414654488046 749.8794128378283 4.418109203208371
73.41709499445892 755.7232695083168 0.8435333763954955
431.03126134209714 643.0982659342429 8.623410442032675
894.2571791192146 791.7764629246793 0.2589924924669629
504.8517163952866 341.56825179673456 7.339938036498905
424.38105253893707 360.0164560207941 0.4867594764751748
171.66526183688313 461.93515080243117 6.238201446227142
816.6635539657407 584.0239641545103 1.2329720035852765
298.1058372602727 737.6115238719622 0.21552983170558537
346.7918521383431 951.3430612710196 3.499004555320646
190.10089001240593 559.1818007306289 6.27993413841876
80.28991964611588 242.98897264863294 7.994328623112733
182.10374494130664 981.6606800474166 3.655241338448011
680.3240517135774 677.5715272106783 4.990244760036351
732.1439810856332 408.59358890413887 7.18180228892924
879.9377924723336 2.73381296575137 3.5730402730768596
18.11388050860574 50.24304668440172 0.1397925968450353
563.6651894247668 205.79467620406422 6.537261964933955
553.0897779175613 994.2693728992934 1.7756311716240136
287.8030314892761 815.1392784430961 3.694791159680604
656.7558825310059 616.911068653025 0.6585952065578193
657.0283797857359 753.7581544292768 9.055795425743835
996.6641314658051 228.60080817254413 2.567055412042066
79.1093968099611 403.8843489202999 4.824875298347741
185.345284125925 181.72553315437744 0.33651479034140674
89.58408635778537 447.3843438184213 6.944062853595058
50.09609987026054 462.68599942663656 0.9929967689896035
261.82997634677776 980.5875695666751 8.981403032021133
575.1458867451167 149.75103197927587 7.612808782224967
1.3591419747576161 122.34298608682049 1.808260414141677
202.3591107131554 355.4461712610637 6.740162831761738
375.45119822400807 144.6082668676636 3.598824356808249
693.0815775899966 494.90180271549065 3.52814517817405
549.7358327128525 224.89578040814072 5.360239641381089
191.37389572822104 198.5011987005674 5.807328948337033
141.18480681686628 692.0279095423649 9.423269674504441
82.3876433795111 701.0957024469551 6.835666712743661
284.83875407862246 697.6199096813211 0.6509209408651162
401.2128077184863 835.1324211625332 2.397450144123423
691.3724190197116 347.4231571065287 8.206892680551285
405.9630250586694 438.8628967421865 4.9945298397757485
218.80527150030238 756.5666632325551 0.35575279842529617
279.32232672104465 686.5404519014853 5.167274681392188
43.096147336410425 942.117130913065 8.671843367364472
197.48704434493047 374.707517726547 8.896789738187914
420.6697893444651 251.15301795787414 3.0750529230817114
547.9164026038837 600.8999397820672 0.5112271409529634
63.10341233992678 267.7232210148364 8.305880218220228
744.6924356448714 550.5321806735825 5.927964726332943
639.7929325987327 307.4182339766585 9.779135209731624
143.3631684157338 516.050783220349 6.306943717921664
522.2383013642681 524.4357176112528 3.7113647246778236
317.18598022122137 201.36224302646698 2.8894431740021655
48.48923934492577 772.8544411652204 9.743352574697234
541.4770625179308 12.64832466469301 9.908295691327996
156.13394335505916 498.3423974443318 3.988590539582242
182.01147639408788 688.4127846614031 4.931410967814024
436.25749637980914 193.85466458321164 6.841019029824836
778.185238784845 796.5950019896042 5.969166647780909
462.59151785210884 716.2328582462677 7.594364326807009
273.1943778159768 4.0388869367766755 9.005431437851211
839.393529048749 423.59962797320316 7.881791863046056
707.0741391967663 376.47227740370835 5.035579685823256
109.7660578106341 752.1659944437259 4.460455592542123
790.2489398926755 967.6380351274796 7.651238900797964
443.10195604810474 627.2125181553696 0.01119919815489423
152.6710438692328 434.7987928718955 8.28314324789658
712.5645155601545 277.1286579319593 5.592332417316954
775.8006899548142 758.8078215575179 3.6719044690256277
798.8854279286583 3.202715229140507 9.524776728571048
647.6005379927705 316.14232661753226 2.3970401973839017
126.2950593584774 671.8039416552529 2.544538891912321
784.8974592789604 546.2855904753152 9.961670816891935
138.3506211595432 171.24001281847467 4.530834572799693
484.55005253332274 766.4137882873973 9.579494400717255
110.82612347115794 406.30554508621265 7.913077236527068
502.4539120513305 725.2564677734954 0.1230522876860729
968.7977223550648 675.6602978633241 9.663324239503318
33.75013885978129 673.0822117373882 7.639218589059395
933.8210147929057 951.9029857371734 5.265129140903978
623.784122137616 510.16856870148206 3.8822226654376757
936.0964941433466 454.9863254112365 5.214900368307895
890.1134899531562 308.40850677423003 1.1362907259870136
108.1409180820443 376.62915640919306 2.556691406869498
557.5471595735473 328.82174253671525 0.5251660013653159
920.462201723754 798.6533543946614 7.217278835106752
996.1285936227366 384.06115438427634 7.079610397701841
214.09892481416082 460.46731876692024 2.9770237585274337
294.4615772432312 461.40017388806297 0.4666133883477219
128.64430272283556 389.6453587030966 6.299436835774764
612.9614232118007 446.34958474912946 1.7510535925531523
628.1489678895657 834.2007351930392 5.863910630061606
978.3591226838108 448.9414946659416 2.913800609917362
968.2199595826279 674.983970393421 8.531347139593311
105.10568236828333 814.1175187916632 3.5247714889208903
205.89802897250087 362.41153207215405 2.4035707556649424
939.877777158378 696.8508372886006 1.0766897486818283
142.06110354707556 792.0379504406774 5.488735558031478
499.092091703917 835.9452389005093 7.538373918791189
182.84280049111223 189.9936858735065 2.77574018987067
329.014457222638 712.3112230604017 0.8856871595999161
706.4456997787324 753.5333793165315 8.404935705945372
854.1959354162652 644.8935157747188 0.5990887343854867
401.78270144928075 802.5523815393033 1.3409036948600739
113.98912453007104 593.9678473219639 6.278420662823886
908.2192004568157 321.75039793886504 3.960057517097928
461.9341748747716 252.02919420587187 8.306342214129824
585.7442059906234 978.0643451363262 9.102572703089661
779.7195083017527 947.9952438818466 7.318800282851438
613.1996207062186 221.8502568030739 8.924768781485522
634.7348407415276 233.92304110307361 4.31572161728659
832.4295544203327 855.4753746466799 8.601988656748048
138.19330090707103 85.14462299306558 7.38130385311134
187.8525481708785 618.0446364228382 2.9046104876992604
226.53023502086666 871.7564726631508 0.9739249100519076
676.9043594016439 26.22095842486283 1.5490421261961473
31.513130317593173 917.2763150111444 6.254925226653334
262.28877360342204 555.8349897922548 9.532723921118794
969.3928123824074 659.853135809656 1.0844640063406819
967.0615287420724 616.8274204084454 6.159927039573484
160.24725698616837 976.5583078322367 8.338545584037124
115.29528933093324 612.5474200056207 5.516027838924151
455.7847477931176 245.65510214798735 0.07240126536470326
531.8780654191327 993.5654900066622 4.677533318916199
994.7748598005314 850.3715318173935 7.5525271106040694
612.7421499201514 327.9657450771097 3.9346553727516076
112.44256693394539 541.7942109694071 2.8002961207508292
7.121838469041464 496.85044690950895 2.232121493941912
829.932343213459 280.9220016723431 5.199533748107311
881.6712932147906 968.8801140809828 1.4997853649698623
489.5743762379858 292.85715944868195 0.4050439137734607
290.26587103283316 931.1522066451208 4.515861233167765
135.04865544893886 96.86447929119058 4.955269505127271
798.2478218280364 756.1607918210532 6.564638808662133
79.24247908670168 358.53746394271724 7.669565821783641
174.28340169909916 865.5537814571046 3.9130752950937087
407.1958154915774 430.91790952759544 9.30541096137266
284.5567973209065 900.8247921830314 1.4785700022079673
325.767408022695 542.1651541434804 5.976964957229621
191.1057708776225 115.58326414386755 1.663051189510546
449.8119837089748 501.04294574568644 1.4579192580881906
69.08563329238481 184.99463834276986 2.4871596121598074
437.22127308555656 780.7540066006082 3.9578911064290603
15.14940495087258 913.7994051464262 5.89694866447437
355.88669360980583 886.9968960574363 3.5488739495817425
375.6785019928093 997.9203139620159 6.364454071957315
482.8093579845533 206.0637183445877 5.863872839574888
480.8508580977803 174.9697703225094 4.937192590087568
149.94528678519848 134.24877952530235 6.446478535832326
355.61854316081445 515.6053763890947 5.483156864189143
195.52269802426224 977.235072585213 1.2457320512062242
132.28760520276717 122.31195724330979 2.6697945467960835
621.6854488154025 128.03812525281734 6.338852133932439
217.82485924558526 338.13295212423253 5.836617295032182
406.467512704769 770.1941310124863 6.762076253825807
177.79391583727488 597.9378460660415 6.222513852991275
684.6108451702012 912.1119982223125 5.547006305385828
79.5233071217376 93.35224568711975 3.0489112476352243
426.4535603511218 27.43335048203932 8.578877811358199
223.51186689013247 625.3643234973188 1.0766276534442054
703.3646964844039 62.52714972865814 7.484041636907721
874.8840485028637 484.53585189622885 8.443628783116836
48.731906117496116 659.428158212868 4.113241646399941
223.74014570018463 140.04403585417145 7.060970393978528
582.6056272442107 147.50628777364895 7.328324612747243
892.3065163108656 33.41771088293544 8.936960421609903
766.9305360524837 164.35905506692282 3.6777855717737062
569.0671365154044 915.7903987792404 3.49969723137494
640.4660642393028 68.55454849469689 8.46888568433107
421.1694677451274 661.0372671187725 9.907311813216234
522.9602862640759 98.91229740109885 8.842334323576576
212.1834974653961 746.576148208795 5.5723816287165775
74.69500855636436 860.4301007133519 7.205223320543002
347.60476296482744 46.33359477655807 8.900018408696681
173.70627370384895 747.6046495945671 4.59503218112621
456.87565468548183 792.6669431787208 9.406279877464286
53.58299460423011 492.58883821532686 4.16752221238068
787.265764291195 90.70078713112272 8.387173251927422
152.6688483386981 857.7741245004304 3.980990624961407
893.6694891251019 530.853812412994 5.387723692380834
55.14478270441969 477.22655753503074 4.054602546997864
794.4196751471343 273.2182885942913 8.40550747536578
812.1606221112261 654.6792633273681 5.305962703511526
625.950822903682 81.62856150439923 0.30141378143648256
380.42637686689005 7.033638250511509 1.7313176285688336
371.81102675720365 61.89901691115984 0.985136365237882
990.9081723075528 733.313027796166 9.890947455946735
992.8167529612667 731.0600744969554 9.011955016671195
781.0618584636371 155.35311676518216 6.883717700544977
242.1023249827853 594.9887791586542 6.682980214604348
972.6886850501139 870.7612784534265 2.216354907357083
361.6358613729118 527.5957695530244 7.48138194967972
692.5707229249626 814.3478104465923 0.3953683801319041
594.5082450958284 337.45179620103215 4.693420594182255
754.988220424526 380.0603231075593 0.7778890296658503
529.4999549975013 440.864236842044 6.320373853827928
39.20707400904977 705.5866994211807 8.400340109485917
62.310695718885036 979.4860544809801 8.704802759219335
556.1306267093585 580.1214535343867 3.6547872159705275
914.2049349060902 856.9618351325915 2.654852073203057
951.8639386369207 19.078990554353027 9.691398172249281
958.176585577943 342.7825924705782 3.4028215797313988
542.844042440575 973.329611213157 8.105681772517839
24.424664101824646 482.3611614747313 8.946350685337052
250.75355151389866 309.7965880298038 6.802742127445269
12.325485229644272 779.9178492723189 4.39527393123325
819.602270967706 52.07713324810459 6.953456991409045
913.505696319141 916.2971079746353 7.0522634519559135
773.5090418180504 480.47180404337905 0.27351444448564743
657.3999664396698 789.3002130285901 4.411681774074145
395.718303717377 264.9560359305758 2.2728398874563602
966.5461999871499 240.00887340237188 7.696068708133593
676.5679505292715 866.4539613570605 9.996268173329028
720.2605528646891 690.403996151583 2.3408072069060526
750.5501572774266 706.4487461976047 7.274832300195592
323.35600752692596 745.0413075219691 4.300199603895733
30.126583838059773 710.4110688504206 0.10849806483886892
829.0785721986537 110.05582586843975 9.34903903012713
789.2686748221748 252.08499348590473 1.1550747231891745
660.1205412778212 658.2917535320842 2.1977443757675355
156.53386690377292 61.38286053620013 6.327427338340748
427.45218591366876 466.08666700878564 6.536063214018957
125.952322606946 143.18347135576892 6.308212766774449
866.2934362595328 904.1683586595369 6.520794603395527
607.9669123816776 458.6041884122737 4.767115934341604
262.28916906965105 18.954455572306017 3.9507850377375755
699.9287054389872 586.1372775262605 1.4100739452175526
928.8224578187132 685.5566002174459 2.519670346642411
358.2528163365295 451.86591535338374 5.552654560695642
591.8441630490652 838.2496634974866 1.3233285156955121
50.944383377822255 813.1213616182135 1.8709995482219055
696.213735330165 601.8580885694157 8.956240045941472
468.0132675757858 876.9198841136293 6.522430643057505
248.17390280178608 40.80804643968094 0.8591585524370071
58.24159726691225 233.31883429595524 8.921075991833865
34.61289247040567 513.9062234169235 1.1513377161794724
369.8697091572155 514.3658556654825 3.647043505293542
457.86133008323924 84.7001639525352 1.7686579009200465
301.7548913313595 669.6891166195996 0.8214509215400478
371.42470207792644 721.9295265176228 6.81248015865573
631.1376355417943 605.318427055183 4.295062115413787
931.931442961449 445.9808223036371 4.645210354644739
438.7286727332063 628.6734513135269 5.019044074791904
56.331264788142654 797.5610143902585 4.829633015436826
621.755735657709 821.905147021068 4.368748273728374
636.0661413193011 110.58549274635455 9.831101342649273
684.0768554159471 641.2449012101117 8.154894033390356
211.464825938818 811.105166639085 8.912971631322261
967.4972742818529 467.11104371963285 1.6136303768064908
293.36302933806013 777.6550047012852 8.1948159225383
749.3480888701165 700.3363513005855 4.426353130164962
831.1209786048761 207.17859774025482 8.566531645926789
184.92106767259463 764.5678851552262 8.15955930785226
476.6552331848669 445.7007155005295 6.213332063889199
414.009195413645 634.3338669956742 0.9300323809328437
473.96500270506283 541.046084187461 7.103577440363145
795.0481449797074 699.2564998611872 0.862497138535363
465.32585356034474 17.385236502359568 6.777323883161648
918.1043709317314 152.85571961028387 5.439610802971075
814.1310488354503 960.3777593367079 4.364260852751688
177.36026156292505 685.8520319788432 7.90531321660004
94.61582261392176 770.8109723037405 9.90862763930255
776.1123308922554 117.85741455143351 0.11861176848997457
453.8526402243547 776.4410621647716 6.237863776356946
749.0380937302359 219.52827762790918 7.503468761340256
763.0034528926557 593.5566808561548 1.8974845160375675
658.9097826404563 204.33262411068887 7.847220447245419
216.4834946154288 851.606963329184 6.0239186778880915
563.2551031387235 259.719298911211 3.559131424347161
451.5368557285595 825.0803721275411 0.44173490168823326
762.5712224775926 757.8595017895916 9.163130249728038
932.3650312936059 766.4967069266619 2.771622998252943
598.6869417776512 510.9060523817306 0.5730563423729373
408.90170804004043 779.5004072768305 7.167905629995287
121.29287141357248 844.0769690209557 5.8515004035974325
572.2372208664318 746.3276963071173 6.250985701728321
100.50602828164511 725.8568797873793 7.594170043048379
166.45680270503027 814.5472204981245 6.685715152710677
518.5249247313293 772.6591699781266 8.769224715558439
522.8453743798283 258.85478278378747 4.361937415224349
312.7442808842724 902.9856887209743 1.2742201876493342
658.7789942978397 811.7331179714129 0.9349488185619192
470.5813129514062 208.87812822056785 8.389477519696744
779.716607891654 829.3024937050409 6.408424897637552
626.0423505708698 132.38949177611704 3.9314632954349737
14.372873343733495 667.3493830546449 2.8544587177217364
539.0218198507368 555.3053356929837 9.525710810996511
214.75753356956574 992.0856838577287 2.8303403785981662
724.2499652034572 142.17850667992394 0.012135581079181224
647.5596593704653 532.4178504878714 1.942966800275503
666.0448261252684 568.5025464832139 6.703607565350857
429.32626577021784 623.8062928225917 6.19752274285212
316.3324319058912 684.5255193663627 4.0142859062698175
135.24159428628303 43.177621215345965 1.2561651126718587
610.0037137296008 849.7115385149589 1.1331683076073573
15.627529777308414 422.0885383377435 0.16356232556752892
967.6424809686869 914.5898658575305 1.3826281936306772
396.64107579823803 111.80798066557473 0.5977879626720128
14.977551541035417 292.9283079505357 6.228590171407166
544.0223803041358 335.5054164111461 9.130444564050844
660.8363126707893 237.38078377617876 4.525450572508371
915.8243386719613 884.3755999819847 4.464710196077052
874.3411531521764 511.00609948704 9.420954662236737
612.5099559998386 780.5296041052553 7.523071620127934
126.939307175998 539.7099089825183 7.80675779648076
905.234706159526 966.4430688037769 7.099767622620311
184.53211460921804 218.5979524554621 8.596682597353393
554.3874375180237 241.55336947496585 2.6335872312373865
62.33043729798426 560.0653865088241 0.35559124965195865
325.7346758673488 287.25671830086276 9.09406800118852
699.0243628492688 544.8829132334739 7.379079351647045
863.663369012032 908.7399773820929 4.29237712240507
426.1360416037551 23.27748718505207 7.346887427362486
515.7175734433885 890.2183589678916 0.6067437432479528
0.011047113986029089 599.9925774498901 3.578602170280832
290.13774491793134 554.088485383349 1.3462044772717752
968.846076417451 69.64997085959578 3.2434470005359692
470.8332892247721 500.29743706384 4.261570738846272
210.64135965502794 800.6839966738211 7.851946323285803
236.05844598950364 955.9325145620151 4.377363631305673
741.9617344700584 152.82980054865004 3.805740767426392
770.9575206372274 135.04570006751737 5.247780324501652
611.693855478294 325.43943909685936 3.605748537312193
77.42249947484747 898.2732570712091 7.672717279379109
388.7273079617476 684.98048113686 3.470930303966818
212.3575836385061 248.55965200721374 4.461248487034623
281.8565899163299 540.0882465898676 2.3596460114544673
786.0379767547115 361.4553863442581 7.380278354481618
418.3989977276585 119.04707716422469 2.0839683672968223
797.5644713058521 682.2662985515284 6.174124182285718
2.1980510864192393 386.2611607084453 4.385387798674152
666.8496412116776 358.34198215289626 3.7753714859374874
558.5840913232695 186.751707930948 7.462131143692745
537.6405570912365 177.81044780323796 2.0645273519702068
48.25974572056613 880.7804656782399 5.481801173643616
709.128968497036 3.7936803235367744 2.76633345982233
232.75973263636195 590.6049765715834 6.932425901228342
278.8778162856492 835.1074680861439 2.349747368403107
465.2638799318147 416.3371860081133 3.6355978693577153
281.07497400610714 606.0059133648292 7.230232064991224
866.5834597390256 352.8744688202802 8.697603221980986
449.11621403470645 640.8482222560056 3.288916265270619
464.89273412294585 153.12842663535963 3.3478302282946624
821.1711863662528 954.3952590187184 0.12885548042648853
657.6264668944299 134.56606042002807 2.7965681143657015
605.32204945746 671.2788268548695 4.4676088042831
952.6874625780667 163.9889547937876 5.866613274986792
125.88051851830451 65.08626131946905 4.429980434757984
825.7706168495413 855.3930778985887 1.4674997277494228
855.4989925010902 189.56921703233186 0.5172698467076675
235.66495654419506 988.4903649775837 7.678961552613148
590.4419860779994 260.34641418929226 6.342796513121013
386.51163140833864 297.7665623220499 2.602377886932623
477.23658391001976 553.5132351608629 0.5408350197054035
911.3585146196617 897.8180066936601 7.65204429633639
198.1880366496285 446.2953180844671 7.642138393248823
608.4295091878919 923.6135613771526 2.8230625893672903
743.8746905119326 849.5889132901241 9.806366849956891
757.3806456831668 302.10832931004717 4.74950064513207
824.8790781748357 277.0322617785516 1.0632716094276295
877.3184822125153 511.1280234404191 8.658273939250497
231.69623690016715 321.4006135914741 0.9719709340496052
871.1963811304289 165.97289364873978 6.205348211151971
992.0277203589076 339.0092855346749 5.315482585302095
305.74515667046165 334.0863683948941 5.704882606183311
296.0328430234309 727.2852285340867 9.41577614310631
824.7272553624977 272.60372368793895 5.714743837223502
377.8621472681198 229.5776891993726 8.229580327617366
185.35999347330844 96.89751196323083 8.910371602770454
220.50629697441792 536.9775553149286 6.957362550402953
757.479470952493 378.46190925025803 0.6071400517746695
711.9890267396394 99.18317560118506 2.9904806073686476
324.9224143113828 845.7627319309328 9.428349537588495
78.15507190287929 365.1454603517702 9.672820910568372
999.2403760696362 643.7924080059344 8.938183848045977
515.0159730393689 746.3709151944278 5.207386320352795
973.6502601938589 785.2049008296999 5.091226039751772
703.988339357933 802.4778065995857 7.498959598598955
901.6956698892315 496.74989907819025 0.321874643695087
926.1646550234476 379.2656221009577 6.662362885806266
389.10711782373573 681.1107019160986 8.910796773427052
496.99088212027686 312.7553458219073 5.276191779919927
15.824728225144469 37.74755070968339 8.43493786565748
574.2570158447671 117.41446476680828 4.381913034719154
875.7235934895233 796.9987234732631 7.17376119319291
479.57944410673883 960.8682673961089 7.716230392127915
380.3909129660034 503.5128500589713 8.483184672850218
138.17609884223626 263.5403404875173 1.489865152142299
912.9607586333766 227.66402933928987 9.547427441582565
823.9319673310044 662.6036238742715 2.4003786836347585
708.8556409413899 890.213085843235 3.957233700663335
686.2911427802684 296.988649215963 3.0161455447214025
669.0184818342336 954.501190481943 9.142683259579861
603.2071337181656 369.02520143971094 0.6922990237110183
586.2794537224049 757.5645988489206 8.33616606630395
203.70302041078315 40.15495218745102 0.9900214530322649
775.0196281984018 74.11300710715507 6.835659962547033
248.5544819543757 177.50217388437517 9.747771803609917
756.485036690499 74.91656804181312 5.7024130693182675
460.7314873890123 337.7285627753254 5.857093954775172
870.0099441721076 919.783181118927 1.6128381209894316
347.8145017650945 537.4330176148718 3.820938079462859
916.4595178316795 675.8187486674605 4.582313611070657
173.13182926945382 205.79680739404262 8.455597556070046
788.106939642669 97.84293546236489 2.6449822197534933
580.748251887529 343.9238268807302 9.898037706479089
480.3196299682978 204.66266617030504 4.996729797556375
881.8970479305772 479.8956191135749 2.77125803718989
987.0278643782468 820.5222197162316 1.9489995827311468
936.6207881626914 746.2825424590683 0.5943177998441018
292.89458847075565 138.3389643896624 0.33607220680990535
324.31191585081234 399.6243102408912 5.7588241871412125
622.7320537218072 172.71784002572144 5.850754200531459
594.6607597836519 627.4606341780046 0.3122377516804753
91.88402732563661 791.6972302319342 4.645905352750472
341.92401274408 663.6799161212457 2.7316932111913705
722.2600528738346 134.07660618370053 1.4466223022802227
455.28323413312955 39.41999841997534 5.51455123580527
53.374396405212465 978.9456286385495 3.1559006533181213
592.8382357266477 245.46536413342935 3.39312846655321
513.5289035629824 780.3237946162983 1.4392665835812113
236.97406947936062 934.83996975807 7.6424890339900555
944.1863162141317 111.96699797099285 9.704438451379296
725.2048696702573 11.999998750520934 7.6145913480645415
771.9460031896143 677.7667035236808 3.5961255572412942
781.6475297708436 889.0184828594101 6.358300509718679
672.4175831426953 200.94861355606918 3.742331792286037
523.2788839579814 40.677290755055886 5.006278038972255
967.9969539389039 797.292442594925 1.6698178613846215
296.5605169938699 136.01472927624047 1.5991912957564625
989.067721504188 776.223468976742 5.746971092074596
64.73166231961291 489.45405795736707 1.6566544954349094
209.72613006284135 272.65708697578305 7.762723648379898
375.195000420378 783.1407158787991 0.07693323429736831
302.5354872301195 3.880999806302743 6.887527855784495
867.2220905184638 507.48135030515897 2.5138239577161157
530.5148978438605 156.90641270645546 4.740672811503336
998.3232149615346 189.64795198853957 6.647126729500208
153.4161985097845 978.6068057307428 4.805055781758
561.5217056266434 199.9907686218163 4.819177599027658
711.7871206368941 421.03415153129765 3.8977988103978403
958.438883547456 736.7454372677897 5.123588955360697
997.5786757299178 434.69283014360303 7.665654762139895
980.7080723547854 320.0464176561647 8.577516189525202
545.0741546548394 208.3164674623509 9.486841316875134
181.14110021806374 257.8993367457613 8.479504084893142
207.77627483945471 763.4410764118359 3.1837736807002823
333.19516218649227 278.97508490040366 5.479496297956005
415.1735354740787 273.11844923624494 4.3018183726157355
664.7250062312457 97.63450328100798 7.535569808864358
904.563602747351 50.52972004543888 7.248371211008199
100.90167811675099 995.2047427277396 1.3364195674256707
261.61625329244487 83.59847827695843 0.06983500797549391
604.2127291625084 72.0827492692856 9.11417597426444
303.7052171910637 427.22487478976313 8.476876547095728
94.90102895921027 427.1907653552248 0.4635525131567775
269.7770830105718 418.3265645471763 0.17619303462836244
598.3095297957972 973.6586298107874 6.022413011034796
229.4094676861551 209.25045465382274 2.966493517981311
70.41117986064927 737.7869363725495 6.2866389244951035
270.94777530581473 658.999226151972 2.0556867504126664
966.5249428123843 869.9295614370807 6.719247592327883
403.71700550884646 837.1989726121011 4.4727539704688
512.6559037732969 64.90321879547245 7.7450365756319215
442.13297199547173 942.0483217029345 4.816352226339573
955.9579083162486 543.5310328616537 8.670798510355377
174.01926188251016 816.4755966069495 7.633576771174071
69.91495390320735 370.703979371216 5.369127524853285
889.8022180161702 208.29139750244974 7.034397314641849
877.6279038192171 350.94529965670984 1.922232448142075
229.25370578305416 129.1325869355615 1.6523151632440913
354.68566865904717 597.543334630854 6.325736683491595
189.54604882586423 566.4940099501259 2.9013916347371502
280.39625634257857 792.2422940860274 7.251064677498969
794.636079659682 23.419576483319048 8.253674107204768
629.759901567161 388.60677884855056 2.914027973109979
250.03246951164414 947.7123947258399 8.92749914432594
693.5448395681642 572.7064725836731 7.4890797889719005
469.8154661095444 592.0793059240569 1.5230321665245383
477.4826476783396 961.4759341414175 0.48930406830435036
288.29284930708263 72.11699447739561 0.5526697281056614
324.6948579866381 216.00348596499242 8.237765789203648
491.632199088271 754.1828634743308 2.0076299292968844
132.2933020611311 285.9600462968126 5.499562743761399
567.2075656876233 441.5356356980424 4.636023654097977
158.80837941823444 806.2934663350053 2.7100242730092647
823.4234340458255 212.80846382239793 5.226961117299963
728.3782365584342 800.3968975504534 2.97965331176493
561.2226764304095 468.243445781894 4.863811532446966
771.0521344464843 607.4279181040598 1.5558223294363072
923.2159200161958 234.2134262880946 3.785579207985046
693.7283743882108 666.1086832166563 4.778245041958476
110.81792093992826 79.97229118213178 8.113926323246588
502.8163352405586 366.2781115629675 7.112401493655746
866.6487465533853 851.2963016519348 8.798326066714612
36.32467098187742 429.8799189019079 1.4319781368242113
744.3692026170337 865.4617768342915 4.71943592999387
359.31770422738174 463.75908874247165 7.893685042934349
657.3597782189703 286.4159871190715 3.6897978453454714
783.2055806464381 559.8521121266399 6.606827961659381
780.4239569363145 873.3999117121091 2.9646122127454477
99.29878537645875 107.97820385667423 7.451795187404166
729.5385877487508 623.1854969916567 6.860745632053058
10.00823650208893 609.1315782257004 4.6664084851301455
211.4000684738846 33.269598962855085 7.238940597721508
707.8848790917714 696.4223343431204 5.955120019192462
911.325195602505 788.1772822574295 6.479173476405285
400.85177708592835 971.0336731020785 5.496914208435969
117.83075829951851 905.7950125007993 4.181876668172851
180.69553092695577 377.10332655391153 3.4196897760635228
168.05329495838106 758.4771284994046 0.7610223584000486
877.5772422814763 855.1177766425608 9.834941422138145
500.8803444221671 330.1657335522623 9.642258359795274
659.1875053434749 145.21614955217044 5.957598550050064
748.3809706313319 992.29499552679 6.339627199322707
510.7981396189409 440.54995114396854 0.9068530797388685
119.19357235869998 36.08774551776395 3.166577446758555
84.11097019621249 543.0500224115095 3.2493908657570003
429.7796006497203 17.3142512649358 0.5052668639483826
593.7001370282532 645.8739542909491 8.665990820538376
857.9480370019897 528.8483621806616 9.547227806859327
947.5763664075356 905.0081180946684 6.807831292008335
991.707926147305 799.75716131107 2.6581314447416418
143.56389046162798 654.9015820157215 8.01626595098136
399.9272065637539 888.0510696272978 8.006833694208742
742.9574685695185 782.8323640031226 5.630505532540183
867.8108908862123 900.7575913851799 4.677490271430857
62.38008634700953 639.2574823980274 9.867663059391734
993.747392617338 373.0505137041429 8.608541195222404
75.43566006940961 960.6685343289477 1.1760022674999704
206.70196138681274 347.866776383383 0.977266865023565
478.1777298155605 815.1648077004504 7.086805109304603
842.7270264299875 227.52677382363063 4.492444210987277
474.1017177407535 732.9088670785761 9.218079687737223
611.9624420895193 535.8360575732352 4.9457995871985405
22.1815599280929 276.07616417185807 4.163514892959805
126.52172043266596 685.1061021269115 2.5406676638600945
86.88896753146824 4.3427044477885035 8.94041056769053
658.1177537652811 648.3270916459278 6.110994224903612
442.83165120615683 418.50482618981954 0.9344388042325169
161.37378896923616 690.6547346095621 1.6999049141026212
915.8845133919748 233.13979622324365 2.46634006201339
548.8729628763044 68.0179987264956 4.765959513420379
17.99941974807373 919.8664744551241 3.4304305308896654
79.98236243651414 265.6949251955767 0.04499826533373219
689.0467253701961 586.5885244519301 5.168771646934887
87.88801135369107 497.71153176310935 3.517038845611112
200.3205965296656 977.9554562149626 4.531371295142318
352.94524504081124 674.8942253363836 0.3975102236260175
427.79896582374545 99.63216720159662 2.16895235383624
627.1886685071418 581.140457801832 0.17071406928302668
188.99097779016205 966.0410234136767 4.545242607385412
543.3034041532931 527.5060407393847 1.6010403285744346
280.3900013835917 699.1595520675436 5.176839038559207
636.3657581381033 406.22411877963026 9.504865849547004
98.58288269957572 748.5010643475435 0.725931592913156
547.0603967553358 225.9173090352452 9.516370754554531
760.204509525991 243.54327309734913 5.228084466673409
995.4383853681055 156.62451454696946 4.347682583082414
630.0367410771566 714.5566194854059 8.104710670666904
538.0250189141125 437.48166192488355 2.968352270306913
896.303839018723 617.9744375340931 8.467463539019583
425.21857871503835 981.3033540041497 4.062234036655573
277.0560554381255 862.8828721818367 5.731555075149539
474.88274598596735 677.849853359359 1.6508446134252641
749.1805552922355 272.56266985788835 1.393163900010913
458.16558647499437 566.7129645329212 4.063243847507968
690.3024553727585 957.6273942989229 6.05960941168027
701.1600259069011 137.85908527833257 4.381623515385754
419.14235519985743 439.8173500106375 5.1578239513411495
858.2433759442213 217.24367444141058 7.798043489310995
857.6160429486565 446.84923520360144 8.062091902881427
447.7338673178853 288.3332405002694 3.6903806098613687
484.2015947051135 597.1958684677927 2.2679632643617422
837.4322729954712 709.9700789148229 3.729088719652356
632.1578833999764 926.9769875873346 1.0014477793834586
145.22251257713026 73.75222750338762 5.16656655206048
550.3616605029579 735.6137927611143 2.5566702153068666
271.4925497673283 325.11291634871134 7.113490280288207
196.93261547658147 886.694974001606 4.127819106256317
993.7216030490698 11.178357084403178 7.586407335601039
353.38289952497036 428.3288625841929 5.6663949704759915
115.56226598660446 837.4124068229231 5.582519880603093
320.5803546376191 774.0262889043394 3.790580833867244
432.5067879899629 603.6765689916259 7.497988172694663
874.0119424644928 247.72830230723665 2.0565770812818194
478.6172389119753 76.5944788353583 9.671883781426727
497.4783069460854 413.3519416165563 6.728297224215743
471.26283075949215 821.4284267341664 9.065077333606727
119.57578360921362 688.3068533642415 0.1095674497946697
306.21140980761044 115.64033508089288 1.333300923277314
148.4565831870388 819.874723465523 6.4116756437778655
966.0438016908184 6.927639112782824 5.760002156142998
970.4912645516614 737.1566056877841 8.020779674538236
370.0057813274988 255.31393953783999 4.474978388096824
973.6614795386567 55.78539196215837 7.317866664235239
129.30905186607998 22.308662234041154 7.678645560506011
155.2077878495135 557.8667691613575 3.950393347239948
704.5699873565286 977.5807114620286 2.373411684101714
303.20502948442754 669.4266050141488 9.995870995812584
674.6788735118619 566.3341457613432 4.232633093885287
166.05917161031692 37.967578831957226 1.8376500809679985
50.40786254958296 823.5699549540649 6.226674279565797
704.2656932297436 69.83347939737638 4.103001203110893
956.8415685095174 82.64718836564045 9.36746719889101
543.5141508109693 561.1891067687451 6.552779762026512
183.219049796312 252.80004227351938 6.885253886968013
654.9184397606773 460.1155925893401 0.8681814710697611
236.91231370547573 554.9123517583218 6.296240552358832
174.78728348175997 514.1016641009185 0.355833779372674
385.47331507721316 25.854215433310678 7.035336985714073
742.902119204512 954.7578627851899 3.1411211262460217
659.7987003308216 549.8039833671384 6.685695363894428
838.2517001598269 543.451474655136 4.956907451961994
23.553243046117945 319.6720921878786 2.2944595821024247
258.352924533136 750.0527880990953 5.054945048065229
444.3964711212284 363.20175052221816 8.984358895519366
111.5952512522259 665.1973901578502 2.0834788798451997
793.0004044521608 656.3043345428975 4.292682710202592
886.6607328483981 444.8203645680009 3.8514527153863245
554.858933393622 82.72273732095914 1.0446727552318102
235.41020084606524 991.2772012755668 4.1799775844597145
812.146887230766 874.5114730126633 7.297457649337274
408.2239668942465 506.48793986220943 2.537622754496298
821.4982556580833 71.96404198641049 3.5728667190223087
92.75308990325904 400.88517997351204 1.848212278261333
456.5426190763712 818.7446972197332 4.940594375007904
992.2768998279528 556.8598903957859 6.5765171638032385
499.2957400792181 476.2769769517747 6.522880300942978
915.4161668348976 203.72220126154883 4.146343381938042
151.67234353501635 105.73471545065749 5.401429823019193
739.0789242677552 344.8082952855329 4.230282562080142
464.7131077271506 649.69281247383 7.189387444793574
349.62284834490697 178.66983866835284 3.9675300381830603
263.151165377285 125.84689231232116 0.49219088033534697
403.0070834821583 95.0571723900282 8.847494470282033
677.6795590490909 45.48231317044804 3.536392821006933
80.89858516253534 431.49760994262175 3.6137751716289825
221.46487044193265 41.25663572425675 0.04043529453648942
831.6169498193236 301.1815572633727 8.121905569618523
658.4340894730493 666.2551121482882 5.830952038919954
368.47425761051545 79.21218358781512 1.5241890823982651
189.81797686264102 433.5829745654114 6.45807540031019
426.096715604761 865.3933339808086 9.06431187468388
499.60675289950694 939.3658841863362 9.788936037212897
296.16819968559946 718.6418839526001 9.4529736060468
596.5777041467906 783.8862677844651 4.342254937959657
353.2378918218817 721.0590553801441 1.6484586515271793
768.443978557126 716.7758602332267 5.967753611168021
375.4952380299822 868.805402399665 5.853636773925993
640.5945428795302 254.47213645657862 6.619331051540277
674.5177123220232 256.63632998771703 7.380797525848726
243.21344562707438 303.8227076055072 7.7159507282370585
905.8003301557604 874.024614583536 6.316151689884293
801.8000594552988 685.2675961872311 3.0808999328343676
990.3643339846319 528.1253158521321 0.5752295937875718
790.1175732952775 765.3053396010469 4.613358365508995
584.2890440760269 149.05741450830502 8.595438097214565
824.3997238785618 803.0505455559446 2.0828531306810127
497.139800297423 372.2143662002031 6.625823297048959
939.9402662337974 708.0524904162895 7.464533547200205
121.11303269317885 89.34044380175787 4.9332618265151895
862.7651731015706 827.0665949371754 7.279243628749162
331.92309693553744 215.52447842310352 1.4385107005824926
450.9360075586089 792.2644141740303 9.101389323892622
779.3619757415837 297.6810576988282 4.4492293350053576
924.4068576422036 761.3465083942901 6.727549530150144
591.6441085559298 941.2615107262264 0.9451238426628417
634.5937440174456 891.7404857865855 7.121584812952754
792.3451395090182 631.3007663187464 6.641330847999739
64.43776617188612 750.3452871196016 2.5463921273293555
662.3286159839303 378.4565784260261 5.71940440941141
225.45623980644646 604.9771355055678 9.508769736970121
821.3576703141498 439.19951310983396 9.760641776000085
82.85860550194302 397.8728419538734 8.705305705154748
561.3225076677089 262.58190663268823 3.9446836632349047
667.2776367771227 218.7882702517877 1.6646595502098471
106.37001169413085 776.8853657659922 5.636246610651595
754.590978180063 37.58192908042246 3.8774876068459907
729.8480189689429 313.00640252407777 7.59465198588296
130.8732397509852 387.1562467193389 9.29267344198853
833.8027178384701 316.7171453120127 2.162497980277166
429.7407246872846 935.8471869726646 1.0795122407878655
11.101992516689197 224.29853389548038 3.7870514555767087
916.9073067532485 274.72648819888656 3.2113004303858403
923.4888145731509 23.311062322097232 1.3720016081017827
985.0605360965541 399.9853790577664 0.33652811379727976
626.8358322913414 526.1152770762205 5.942911298264452
539.8085223410617 23.691125809756187 2.0927594680025297
510.12251643234 721.9008254970938 6.452914292358764
937.1484505698726 839.7801949263059 3.1729946762982433
818.8608396245266 938.0100643158984 7.337983302555385
202.06250085050902 59.04616178947442 3.4014465167759544
954.4743330599939 513.926768729955 7.823058182420408
269.1592594346668 400.85004409699667 2.056922773978238
866.9012196997608 523.362666662853 7.442510254057419
582.9055077374962 526.8315677643136 7.670295567883123
700.5131694502729 320.82611904599224 9.125506336540605
75.11622996806989 891.3808048181727 3.579031355038235
238.87289965545156 107.8626079667654 1.446056375562309
658.5968313057234 36.44073445414308 9.215500662934726
44.74992029174874 583.8071170098076 8.003916499320368
535.3153380056651 907.3855326060681 2.853708329467165
399.4337827064217 343.8267495187537 2.5572164648748643
431.766056938256 881.4135841488528 7.64170929120435
717.2722612734119 415.72087709497754 3.6017405506897813
756.0297733976811 406.29016476853855 0.4098415164193103
558.6690072977892 665.3455959668012 2.257893318830073
413.2575711671013 411.721744773324 8.40594381305825
438.5763560115713 821.5236939621485 6.328884261987572
157.3791794159042 690.9037483799531 1.839492154634359
173.20954298098025 490.5505408805625 9.477067466647217
72.7256043042217 959.6892998422794 7.769411480728649
585.2078102805548 483.01584498754335 2.631815936662285
864.7856626010228 596.7176104185677 9.38859451697622
800.3384311798741 973.7900831077767 7.823561811729985
521.4945395404916 565.7766779196872 8.439631174160763
692.3050457343081 560.9483870272214 6.009701447376447
936.4260445889565 503.3398545604131 0.9823263168522467
534.8512803655557 230.8687469844931 4.186295482998102
160.7792479298228 142.94236806072303 8.831440647658601
173.21224910066323 458.7485779250212 8.886056597647487
370.9482787182832 323.7720618714892 5.751857585512589
317.66965804493395 149.12475610864152 6.704198386239652
695.095658030812 249.6941723335745 0.2748361876050165
717.1906412248048 975.3140957703179 9.183249558257911
131.42743468839902 672.2933570166903 6.650899307102565
453.71287499273126 151.97263469159537 5.731015985282378
140.49009904330688 40.57343535037161 0.7838777653650342
659.4916861800207 571.9054075052719 9.158553827202159
899.2359888264796 901.5443791672822 4.609541324066057
389.76243891684646 360.2870518994791 9.735614493550012
67.25284549738542 734.9022776540843 3.4900003512093503
329.6411402330165 306.8226461921206 4.7703943181698065
50.78621617552448 527.5439486046164 1.4343829655692097
902.4403180686328 789.7196609218767 6.5846569524581176
995.9329226638602 598.6169207796638 8.33279410452149
753.9311722164199 398.7441111459359 4.627958512575563
817.2462084531567 317.00315794493395 7.085946891876707
851.5100243773393 563.4854620550693 7.165644914048239
784.7607595292892 244.77058189543044 0.6963806396863437
74.59611935608356 529.1462236218464 1.0557151897267136
518.6939664385061 249.64420637917993 3.284982363212178
53.453149934422626 294.139088154363 1.7897249791606917
709.7410676285721 843.8563308064183 8.498636738450404
285.735926725068 565.5529623528251 4.065467767276582
555.649515523803 303.8253807637225 0.22178450833444718
668.5787353599352 30.493278387399016 3.483565153308689
970.3593735955419 806.6893689850401 8.156990144227557
431.709282832883 785.2906015364454 7.587009473608999
809.2255765880983 721.7005365376291 4.02061720603096
676.2237190498425 156.92198660012835 9.187144732905605
400.7017597006229 90.93801433409965 1.5224460545347762
415.93400038748996 842.4257072921488 1.1318639455134072
382.60520814735435 613.6200080087384 5.6929791666905825
442.14479163697274 681.880701545243 3.040514306198505
296.30387822449944 174.3635287987536 5.718627152452393
633.0871044091487 822.3573602039679 6.684002675991833
130.87824865677499 902.640085315023 0.5320681650203007
222.46048590349343 944.9625231280022 7.4596125555164114
884.7305471887277 65.47441695793277 6.674904864966139
550.1260198621787 367.2428199544616 3.389391441812811
753.1862015119888 892.469257818107 7.9653088293723435
218.72257232586466 338.35374552293695 2.3776315291447867
87.5085231516688 479.3335822064909 0.3881307948095081
564.5425130597964 119.76669384344862 6.033590823569545
994.0285094073429 761.7811439285506 2.950092351122925
330.9344883189563 377.4834599627842 4.985622114605897
94.32760064035217 729.1262940009178 0.9841325423588754
597.6911699070124 137.01693355782362 7.118028320689569
390.2151227876588 699.6235944217062 9.869953094473088
68.29117896190363 651.1676272893615 0.31578663122758255
677.0292734903544 219.59079449404572 7.529607326568239
161.48498716529147 711.3137238707512 2.1923094383193833
146.89064300857524 163.7635185352818 6.334473748826554
59.222180575122074 448.77137219334315 5.71203194429931
462.81495524075945 179.5361995392607 7.223425413593542
361.17497289210075 792.1903152864492 3.1155305517385132
313.63456518778753 38.24413917919423 8.539401465384794
186.46236011159976 938.8181481591715 7.71671142091021
883.408323703542 924.6125107758618 7.190134994084016
753.749488463618 88.8367731070101 1.7024182912228836
303.6997686909071 838.5121770657724 0.47779095870753463
111.42169648765143 762.1526634307937 6.034740887955951
913.7837315625543 993.8176012923283 7.917532177040645
546.8974265425156 332.15730957614306 5.311599355917917
612.0555621179449 784.2959663400675 8.344054317163225
490.3449666292303 712.5162496515038 1.8489573339686638
792.7986991257637 91.4341986422993 4.307949348251232
214.93261835854182 177.91819429351008 8.407343458674456
103.70191762260373 847.7668387336302 8.78818663261249
381.28439544295776 683.4116862833492 6.487594701308033
246.32496360013002 160.51036410815277 3.9038131176860915
617.2808152304327 148.7910047073505 1.8467091968546023
317.69840945310847 120.47784026484054 0.1863968548864825
212.28663015213456 733.281602291968 8.361781764291417
809.1006229752547 686.0025776491436 3.608377326625334
528.3945510205306 710.4369940257807 7.342934733940889
332.2193503847674 506.8539577356055 0.22697998229825433
17.315983695002867 943.5168914979776 6.658895801937607
109.97699801078342 185.54050827969348 2.544888436222381
802.2265711937462 30.461437742023143 2.7003526713453905
150.06042693981502 341.5243549969067 8.822366784510457
778.3583225534996 717.4129019428719 7.070822406682302
990.2873462469846 62.202594186624104 0.3488372681872931
30.416481402601335 23.731830040874424 0.8797602636134261
127.35065766314024 62.867537430234655 8.441268150680383
823.4879074284975 773.4370249811082 5.15353369295394
864.2960315638045 312.04056313620686 2.4862156453799242
878.3915600282962 222.27666833141012 7.0394621325711535
79.6038376471656 312.2308802277822 1.4647389264280664
781.7441378060108 440.762200528659 1.4353432094632779
311.47394827050977 23.129543274078344 1.3087372236526207
354.5920996011693 979.4913327658207 2.236137335807975
943.9052958072979 872.6500995386239 9.476802710534525
913.5758962620599 210.85805573916582 0.9200969818268712
793.6077084712038 692.4622451298047 5.7918902748487024
920.5162754681769 545.1393057072755 6.801944915212436
839.8170481378287 336.06480698260987 8.775145788707365
136.73620121618657 552.1311806819608 0.3030852936084616
303.7452435025403 598.7770111571422 1.2413525626320931
246.03336624934457 809.2990848811867 1.4658834541355004
746.3031603518712 746.2613479100035 7.7080784360875265
945.0498295651237 308.3264544802232 6.677452406545247
389.6210233677686 623.3193791918376 1.0946021026106667
523.9346954988168 927.1732888225897 8.929429645995508
128.97143667769316 37.74599964860392 1.8884016477642829
416.39252522737337 31.964928608435695 8.613897317691844
922.7605543389842 632.2956143169072 8.081087569606137
383.210431482826 212.6486773890446 9.962380889363047
478.9150828923833 490.4873446838548 1.1411868885692955
773.7501500484832 233.72584005396803 4.2901889170716645
532.282381969528 498.8811187559476 4.146218572388351
447.036096492008 813.8858471411544 8.657634268414201
178.26251745312481 423.3452867101434 0.9218742102967126
451.2780580218021 613.3453267769878 4.173490199165725
165.07613303018076 334.59586767579094 5.542825823555417
823.2470918562427 155.70670085271075 9.901152108426864
946.6642961978546 92.04361809442196 1.359699361401041
900.3816968090954 830.3721134278627 0.37142382375928484
948.5467145060709 329.82607571898814 0.27984635378695
799.7158732703033 649.7728971759668 0.06388255031980372
346.32974967554776 45.96022144068035 4.911773498964265
540.4590012043885 600.3808633722685 9.497831555740749
850.7566839490335 142.7043920670572 3.919536366530391
822.2924349596798 466.6063125533294 0.7705497550551743
450.5581135138257 471.87659573963157 2.8566271506452887
473.30638373616307 443.4315684517267 1.3111866107774317
273.8400886652622 675.0634930654251 4.116067080274457
178.33106866398484 328.60162170237703 7.521238032047073
130.48481457251992 803.8021957827195 6.471733246334938
679.5510368284906 733.7819890884363 9.611805404114733
516.9055663755524 384.8488434500855 3.184638119045161
564.6910948881599 531.5025807730837 6.919973645957675
185.1569776269948 558.8157236408316 3.2537476105297145
935.8399368594637 677.336722464703 2.1158676751593264
211.83394213175822 659.1771002637958 9.542841411566062
72.08794268527686 841.9884890371437 0.10572317949735233
877.5312558734324 891.474497795488 0.23668460476277686
20.385354060531547 355.55734124583495 6.418061884381867
315.7418843734524 291.89543459168954 8.481117656259913
356.3162843509824 965.3888664088483 0.5527018466323652
365.16668871760027 311.68473790560967 0.777903662206284
283.50955955583413 719.1786273431821 0.35514227913712837
857.1895527126277 394.60804427639283 4.414895714345714
677.240037488074 83.87606594541586 7.136977522681919
902.6987790239955 814.95001275796 5.956124058910905
645.1117080497413 633.4637260330871 9.675243876958486
45.018838989211 702.6943555747979 6.342743087259329
865.3615430167708 172.84296693124247 1.6900976151257385
199.2647523062151 50.347003403775624 0.5426563459288392
714.1486294066267 203.94743199283494 0.3801941761692229
583.736358386215 741.8751631765065 3.6956731728951064
668.5378458398616 856.4782217862266 4.845538329419028
849.4116783164616 656.23616596958 6.591188462383792
982.9124349051707 532.5487556264219 6.097408790687772
362.4886084227513 910.2912695176291 2.9537300226924756
235.01916991893245 449.1828292693636 7.235798502121917
470.9600786121898 14.98249059617085 4.746146084752647
857.6237087104408 882.0175776735373 0.6708865822814747
664.6434453527835 1.6139636265627422 1.1569638092428836
734.7058995874355 328.59603689388496 7.32046478162348
19.129038503877037 726.0495215383681 1.3551720271152612
506.1967441339942 72.52863375934947 2.465292917081282
566.4853898552615 42.389246315417516 2.6635982502532176
480.5786589603893 357.11299595995195 4.467890973679274
289.75259744626516 18.251747615976587 1.983961709632912
629.7982187997362 322.24498292838086 6.661989041653161
644.004977351893 256.66358442445625 9.179863664087506
936.789533375606 881.115693191007 0.06106157618620767
506.4584184488803 53.89771334679383 2.3937235097433476
914.4375491035802 5.78335917370687 1.5809090202838127
417.8963604092248 244.45200665077792 0.8938554872959192
386.0458048294637 681.573180902061 1.3539313005025266
816.8888438644003 417.82974373327306 6.414833577850251
638.7397555687952 174.56915485664248 5.643026040294643
11.60310637787565 340.43199988040396 8.455387560793431
969.7148581413932 215.5824762026054 5.5396447921520995
477.1040771349715 768.943796510559 6.679069926196003
9.867013846267758 721.7572260814486 3.131823373297269
551.0349546338637 530.5876803133145 4.816729094101566
386.35244944080506 110.53105902080395 0.26998717774973424
28.419134698618898 999.9769957878078 1.0522665311669088
304.7947441392672 242.57172608676314 7.619300659133844
34.20384814992872 52.44924277054685 8.05161744077176
568.7740958363877 715.0051481563022 5.636632412090203
864.9234082053051 854.4140700010539 0.8707741122517842
93.40714822090568 143.4940540716063 4.325674336349657
35.61344246671227 96.57374073603553 0.7303777551431523
320.1402673392101 378.3534909464579 2.2678052027592512
565.5501688210742 253.6749099043585 7.172825074704347
321.58700060273435 941.0399470991322 2.760077426554889
974.2313868305176 779.1600634600358 9.63375967883288
619.9060085955496 118.96604260400356 7.340141207501939
270.17312986261953 311.35691540733757 1.0172563806259172
190.93194862471074 20.720073518230574 0.525512994640519
753.2226014677524 67.94918087770951 7.1767811895945055
947.511552416654 838.68635772509 8.55887037769728
826.8757793639614 60.605506532723005 0.2723663033958512
569.667780561008 533.4141775405387 1.749507736043573
309.5938066209358 69.2747493140482 1.0283657748422248
562.5589587452515 315.34042870773214 9.544572363476536
344.3744408157016 761.8141520062918 3.746969466258576
187.20491561154086 463.80061381494966 8.536208034686176
746.5109615084061 32.66435666706447 8.671051078804407
887.9828585468509 618.0295724749598 2.4613633430518442
661.19808548069 425.059476719548 3.874199591457886
840.639959758635 854.0329899343064 7.560022931873225
458.4901806418876 392.42384123660446 6.090338797337328
972.3126060526081 791.1393683868655 0.6489855745414752
653.1480298673691 108.81961657864525 0.0402405414351803
655.2809183886001 680.7917065412003 1.7701354200182828
487.87357557252454 391.64893515359245 7.5684492494422075
927.9024657965847 717.783497209055 3.4380108389328146
543.814895873038 988.3003726197693 9.410778427806932
267.6728264561979 122.86987427146545 5.947228847619091
134.45897580838474 224.43977964230055 5.6980482493754545
248.86486144276265 570.0578107439951 1.0205090541531536
953.3209913759573 27.256900221648173 9.229300074130007
295.2549335255756 485.3539744615273 7.2837207998726425
691.8007554244756 355.82223609992604 0.4733850837532283
112.02331835116419 265.6557270556365 3.7421661667561046
603.3379714777611 263.9417376076891 0.07662056661612682
820.3652849718374 18.806502775713163 5.4472277929200965
161.61739044301825 164.58313449992679 9.712330313279251
954.8811346065206 712.0041645719729 7.507011442371478
636.9660219371583 265.19874388316344 3.0226421203585807
968.9937531427552 675.8880210125734 7.861164674354196
575.3116408947628 596.0725037750924 3.9447474693305926
910.3125352408243 138.44084555059467 7.629029469886843
671.1798979610852 593.3049044261718 4.13274722058417
372.8906643471793 389.0916595073294 7.864391299683091
911.8307455104398 356.2537813145311 8.333545538729453
459.9289423884854 420.0766783765116 3.454908659364299
926.5093933205188 554.8015730269337 9.57746304428954
867.9999869452115 109.20512895646795 4.183486122854289
523.9930044668404 441.01281984518437 6.753027990320806
718.0916317248771 274.8384245924579 9.381156916253817
804.3930596230553 45.32131544949436 2.803620565354011
524.5521599127162 691.318981158091 6.454264687221536
114.6464805092765 89.56559828086074 9.965131828869806
150.1812074282709 154.91457395062625 3.0014264182489003
268.6030447195962 568.8675641851353 0.8808310710138367
398.63217776289594 147.42257204868793 5.567076631784895
763.9094315731375 773.3969378106234 3.2067088182421752
387.62549428975444 401.0196757741936 2.1022770244212308
283.6297010888106 54.43442327705228 7.4077413210468475
854.907501273973 684.2011360831683 5.601127402417393
949.4359023113369 859.5492089262582 2.5425264207571816
944.3621347081246 799.7094674154042 9.117525098344462
872.1844556992296 292.6966720730276 0.7895759814238523
792.2855506254454 54.47555397249737 4.4948687144512265
586.7695162816555 221.1607891888472 9.936381285293676
751.9505641421157 15.721977547334397 4.65505265433995
203.38377645481964 340.9414400657509 9.809315963434157
975.5693099600779 444.17745703667435 9.649438923427923
354.8614339686621 706.9535514148911 6.4900733063641844
224.55966028937803 111.50891424958876 9.961100792682041
716.6148065195289 751.7313025707698 7.000288646815351
418.06837408662125 573.3979854243113 3.4147204611343627
147.18291944672634 680.4543969431023 0.9518545455722882
925.8559281129205 729.2370031017028 9.714532206007112
40.57474593091604 659.8240423643391 9.725255891395735
97.59126686885699 439.16689100770213 4.707867911374953
617.6818756672058 908.4726767162222 9.96226022267692
413.1198757687776 670.106461733433 1.2100749215507733
374.68134031319477 680.3240263188317 4.482947396498087
569.6638961286046 23.584460752452017 9.643666193058525
137.70277903990856 336.66975657319256 5.9939291863372
674.08951249727 401.57768521602634 2.765283924721583
