<<<<<<< HEAD
188
934
2780
6066
11378
19314
30094
44030
61136
81528
106212
138276
175328
218406
267296
319520
384432
455054
537808
625840
717486
821368
931340
1066738
1196532
1345846
1492534
1662892
1840778
2033394
2225088
2443516
2681224
2927668
3196334
3477356
3764116
4082752
4408812
4756932
5117622
5497044
5871918
6286324
6742460
7194282
7689908
8178944
8691022
9248312
=======
208
1146
3030
6624
12566
20502
30660
45550
63242
84096
110432
141336
179272
220790
270088
327644
388642
458598
534306
616220
704584
811474
921832
1048970
1194324
1343608
1492424
1650112
1835394
2032674
2256852
2475112
2708754
2951566
3212962
3493280
3798270
4116606
4457690
4805314
5169452
5555616
5959918
6386898
6827158
7290206
7773606
8231956
8760284
9299356
>>>>>>> 2c172e749940ba0278af32e54a2b6e02538fbf0c
