<<<<<<< HEAD
188
934
2780
6066
11378
19364
30156
44100
61206
81598
106282
138352
175414
218496
267430
319668
384616
455276
538058
626090
717746
821674
931696
1067118
1197172
1346592
1493318
1664298
1842366
2035108
2227232
2445736
2683516
2930130
3199238
3480592
3767750
4086412
4412738
4761054
5122066
5501568
5876844
6291442
6747956
7199828
7695596
8185068
8698002
9256020
=======
208
1146
3032
6630
12572
20518
30676
45566
63260
84114
110490
141404
179366
220950
270266
327858
388976
458964
534926
617114
705674
812572
922960
1050264
1195664
1345058
1494034
1651956
1837442
2034966
2259232
2477602
2711492
2954396
3216154
3496630
3802020
4120488
4461648
4809542
5174074
5560420
5964890
6392074
6832452
7295950
7779734
8238566
8768278
9307696
>>>>>>> 2c172e749940ba0278af32e54a2b6e02538fbf0c
