<<<<<<< HEAD
4
13
32
57
86
128
169
212
268
320
397
472
560
667
716
800
944
1089
1221
1349
1444
1610
1724
1978
2067
2338
2263
2464
2625
2832
2910
3214
3414
3610
3831
4082
4243
4957
4902
5629
5306
6070
5777
6098
6941
7335
7712
7801
8057
8032
=======
8
25
42
44
74
113
151
178
221
272
335
399
480
547
586
686
733
903
901
1005
1084
1224
1312
1451
1672
1737
1803
1934
2190
2291
2518
2591
2793
2930
3202
3415
3544
3664
4007
4217
4410
4570
4990
5167
5442
5692
5849
6015
6527
6580
>>>>>>> 2c172e749940ba0278af32e54a2b6e02538fbf0c
